6
NC_056259.1Phalangerorientalis   0.0000000 0.2936139 0.7150777 0.5690410 0.7061459 0.3912437 
PP395867.1Dendrolagusgoodfellowi 0.2936139 0.0000000 0.3886336 0.3646706 0.3290019 0.0000010 
LC880097.1Gallusgallus           0.7150777 0.3886336 0.0000000 0.7350524 0.3038750 0.3934907 
PQ740951.1Macacamunzala          0.5690410 0.3646706 0.7350524 0.0000000 0.7569394 0.2887501 
NC_002778.2Casuariuscasuarius    0.7061459 0.3290019 0.3038750 0.7569394 0.0000000 0.2853812 
PP395866.1Dendrolagusgoodfellowi 0.3912437 0.0000010 0.3934907 0.2887501 0.2853812 0.0000000 
